$ANSIBLE_VAULT;1.1;AES256
38306539653231636532616233393261386432613065393239346230366630336361306262376537
3863663633373261383735373763616361386665626632320a663764333862383466343236383065
32633432313934653065343730383533383730396332313962346665633339633939616464663730
3665643138646166330a653164613937633965643063343337633433356661386566633265316463
35626663636461353238623966643834323438396337336265356233616633333433643262663936
32633432306639636430633434383831663463306261646663613663323166343239363930643562
61663133326666353864323662666632626661303564353463373435623731386338326163303939
31396333383431366365653737663461366335336232313561323364353437646339363130376264
61363834326136303034393464626666616565633133316663333961656464613865633732373330
36616238353537396637356632353038383636643037396636626638306265313032356438306539
31643038653262386264666430663036656666653433653866353531393265643538653431663337
39326366323533396463656533363361623730646464396361393038363034633163343830346139
32303133343261663063316664376463663439616631633662616430643139613865353030653564
64653562383737363130306261656363613735636364626263623337383337643962386233353063
39333435303434326135613132393063643832656463613034373630656566386332376565396464
38623439386636643133653133646266623064326562343066343131313162373364643735303061
39343662633961346361303438356130636635643061303865643764626562616634
